5000   4  0.05  50   4.334344  4.311508  4.104436  3.816836
5000   4  0.05  100  4.333358  4.310286  3.959326  3.612458
5000   4  0.05  150  4.335384  4.312798  3.898656  3.536502
5000   4  0.05  200  4.333658  4.311708  3.738818  3.326654
5000   4  0.1   50   4.33831   4.292064  3.93487   3.50675
5000   4  0.1   100  4.33817   4.286924  3.792456  3.365474
5000   4  0.1   150  4.340074  4.29316   3.632882  3.159512
5000   4  0.1   200  4.33308   4.286674  3.56483   3.086836
5000   4  0.15  50   4.33408   4.26658   3.79266   3.293026
5000   4  0.15  100  4.338218  4.269166  3.603354  3.09977
5000   4  0.15  150  4.33624   4.267962  3.530732  3.03614
5000   4  0.15  200  4.33398   4.266936  3.4212    2.93676
10000  4  0.05  50   4.664536  4.639202  4.411065  4.066877
10000  4  0.05  100  4.666431  4.64189   4.305004  3.916656
10000  4  0.05  150  4.673767  4.648494  4.182752  3.762615
10000  4  0.05  200  4.66581   4.641543  4.115319  3.691147
10000  4  0.1   50   4.66855   4.619623  4.229269  3.733652
10000  4  0.1   100  4.668787  4.616669  4.06962   3.549461
10000  4  0.1   150  4.667656  4.618543  3.942515  3.435896
10000  4  0.1   200  4.667273  4.618176  3.897042  3.408557
10000  4  0.15  50   4.664173  4.59265   4.073688  3.477093
10000  4  0.15  100  4.667294  4.594551  3.894187  3.31
10000  4  0.15  150  4.667882  4.595283  3.780329  3.233196
10000  4  0.15  200  4.665938  4.593243  3.668128  3.130477
